ISS (ZARYA)
1 12000U 20001A   26242.30000000  .00000000  00000-0 -11606-4 0 9994
2 12000  51.6400 210.1000 0005000 130.2000 240.5000  15.4949000    10
TIANGONG
1 12001U 20002A   26242.30000000  .00000000  00000-0 -11606-4 0 9996
2 12001  41.4700 320.7000 0006000 220.1000 300.3000  15.5012000    27
HST
1 12002U 20003A   26242.30000000  .00000000  00000-0 -11606-4 0 9998
2 12002  28.4700  80.3000 0002000 100.4000  40.2000  15.0921000    33
LANDSAT 8
1 12003U 20004A   26242.30000000  .00000000  00000-0 -11606-4 0 9990
2 12003  98.2200  60.1000 0001000  90.0000 180.0000  14.5711000    48
LANDSAT 9
1 12004U 20005A   26242.30000000  .00000000  00000-0 -11606-4 0 9992
2 12004  98.1900  55.4000 0001000  95.0000 190.0000  14.5710000    58
SENTINEL-2A
1 12005U 20006A   26242.30000000  .00000000  00000-0 -11606-4 0 9994
2 12005  98.5500 210.6000 0001000  88.0000 210.0000  14.3099000    68
SENTINEL-2B
1 12006U 20007A   26242.30000000  .00000000  00000-0 -11606-4 0 9996
2 12006  98.5500 206.2000 0001000  92.0000 220.0000  14.3098000    76
SENTINEL-3A
1 12007U 20008A   26242.30000000  .00000000  00000-0 -11606-4 0 9998
2 12007  98.6500 215.5000 0001000  85.0000 230.0000  14.1991000    85
SENTINEL-3B
1 12008U 20009A   26242.30000000  .00000000  00000-0 -11606-4 0 9990
2 12008  98.6300 210.8000 0001000  95.0000 240.0000  14.1990000    94
TERRA
1 12009U 20010A   26242.30000000  .00000000  00000-0 -11606-4 0 9993
2 12009  98.2200 195.2000 0002000  96.0000 250.0000  14.5712000   107
AQUA
1 12010U 20011A   26242.30000000  .00000000  00000-0 -11606-4 0 9996
2 12010  98.2200 200.5000 0002000  94.0000 260.0000  14.5713000   110
NOAA-19
1 12011U 20012A   26242.30000000  .00000000  00000-0 -11606-4 0 9998
2 12011  99.1000 280.3000 0013000  88.0000 270.0000  14.1221000   122
NOAA-20
1 12012U 20013A   26242.30000000  .00000000  00000-0 -11606-4 0 9990
2 12012  98.7000 285.1000 0002000  90.0000 280.0000  14.1955000   138
NOAA-21
1 12013U 20014A   26242.30000000  .00000000  00000-0 -11606-4 0 9992
2 12013  98.7000 282.4000 0002000  91.0000 290.0000  14.1956000   143
METOP-B
1 12014U 20015A   26242.30000000  .00000000  00000-0 -11606-4 0 9994
2 12014  98.7000 290.0000 0002000  92.0000 300.0000  14.2150000   150
METOP-C
1 12015U 20016A   26242.30000000  .00000000  00000-0 -11606-4 0 9996
2 12015  98.7000 288.3000 0002000  93.0000 310.0000  14.2151000   165
SUOMI NPP
1 12016U 20017A   26242.30000000  .00000000  00000-0 -11606-4 0 9998
2 12016  98.7000 195.2000 0002000  94.0000 320.0000  14.1954000   175
STARLINK-3001
1 12017U 20018A   26242.30000000  .00000000  00000-0 -11606-4 0 9990
2 12017  53.0000 240.0000 0001000  90.0000  30.0000  15.4200000   181
STARLINK-3002
1 12018U 20019A   26242.30000000  .00000000  00000-0 -11606-4 0 9992
2 12018  53.0000 240.2000 0001000  90.0000  60.0000  15.4200000   198
STARLINK-3003
1 12019U 20020A   26242.30000000  .00000000  00000-0 -11606-4 0 9995
2 12019  53.0000 240.4000 0001000  90.0000  90.0000  15.4201000   207
STARLINK-3004
1 12020U 20021A   26242.30000000  .00000000  00000-0 -11606-4 0 9998
2 12020  53.0000 240.6000 0001000  90.0000 120.0000  15.4201000   216
STARLINK-3005
1 12021U 20022A   26242.30000000  .00000000  00000-0 -11606-4 0 9990
2 12021  53.0000 240.8000 0001000  90.0000 150.0000  15.4202000   224
STARLINK-3006
1 12022U 20023A   26242.30000000  .00000000  00000-0 -11606-4 0 9992
2 12022  53.0000 241.0000 0001000  90.0000 180.0000  15.4202000   232
STARLINK-3007
1 12023U 20024A   26242.30000000  .00000000  00000-0 -11606-4 0 9994
2 12023  53.0000 241.2000 0001000  90.0000 210.0000  15.4203000   241
STARLINK-3008
1 12024U 20025A   26242.30000000  .00000000  00000-0 -11606-4 0 9996
2 12024  53.0000 241.4000 0001000  90.0000 240.0000  15.4203000   258
STARLINK-3009
1 12025U 20026A   26242.30000000  .00000000  00000-0 -11606-4 0 9998
2 12025  53.0000 241.6000 0001000  90.0000 270.0000  15.4204000   266
STARLINK-3010
1 12026U 20027A   26242.30000000  .00000000  00000-0 -11606-4 0 9990
2 12026  53.0000 241.8000 0001000  90.0000 300.0000  15.4204000   274
STARLINK-3011
1 12027U 20028A   26242.30000000  .00000000  00000-0 -11606-4 0 9992
2 12027  53.0000 242.0000 0001000  90.0000 330.0000  15.4205000   283
STARLINK-3012
1 12028U 20029A   26242.30000000  .00000000  00000-0 -11606-4 0 9994
2 12028  53.0000 242.2000 0001000  90.0000   0.0000  15.4205000   291
ONEWEB-0101
1 12029U 20030A   26242.30000000  .00000000  00000-0 -11606-4 0 9997
2 12029  87.9000  45.0000 0001000 270.0000 180.0000  15.5500000   307
ONEWEB-0102
1 12030U 20031A   26242.30000000  .00000000  00000-0 -11606-4 0 9990
2 12030  87.9000  45.2000 0001000 270.0000 210.0000  15.5500000   316
ONEWEB-0103
1 12031U 20032A   26242.30000000  .00000000  00000-0 -11606-4 0 9992
2 12031  87.9000  45.4000 0001000 270.0000 240.0000  15.5501000   324
ONEWEB-0104
1 12032U 20033A   26242.30000000  .00000000  00000-0 -11606-4 0 9994
2 12032  87.9000  45.6000 0001000 270.0000 270.0000  15.5501000   331
IRIDIUM 180
1 12033U 20034A   26242.30000000  .00000000  00000-0 -11606-4 0 9996
2 12033  86.4000 190.0000 0002000  90.0000  10.0000  14.3488000   346
IRIDIUM 181
1 12034U 20035A   26242.30000000  .00000000  00000-0 -11606-4 0 9998
2 12034  86.4000 190.2000 0002000  90.0000 100.0000  14.3488000   350
IRIDIUM 182
1 12035U 20036A   26242.30000000  .00000000  00000-0 -11606-4 0 9990
2 12035  86.4000 190.4000 0002000  90.0000 190.0000  14.3489000   364
FLOCK 4A-1
1 12036U 20037A   26242.30000000  .00000000  00000-0 -11606-4 0 9992
2 12036  97.5000 300.0000 0010000  90.0000  45.0000  14.5000000   377
FLOCK 4A-2
1 12037U 20038A   26242.30000000  .00000000  00000-0 -11606-4 0 9994
2 12037  97.5000 300.1000 0010000  90.0000 135.0000  14.5000000   380
FLOCK 4A-3
1 12038U 20039A   26242.30000000  .00000000  00000-0 -11606-4 0 9996
2 12038  97.5000 300.2000 0010000  90.0000 225.0000  14.5001000   394
COSMOS 2553
1 12039U 20040A   26242.30000000  .00000000  00000-0 -11606-4 0 9999
2 12039  82.5000 140.0000 0020000  60.0000  30.0000  15.8100000   407
YAOGAN-34
1 12040U 20041A   26242.30000000  .00000000  00000-0 -11606-4 0 9992
2 12040  97.4000 250.0000 0001000  95.0000 200.0000  14.5100000   419
GAOFEN-14
1 12041U 20042A   26242.30000000  .00000000  00000-0 -11606-4 0 9994
2 12041  98.6000 150.0000 0001000  90.0000 120.0000  14.6000000   429
CREW DRAGON 7
1 12042U 20043A   26242.30000000  .00000000  00000-0 -11606-4 0 9996
2 12042  51.6400 210.3000 0005000 130.5000 100.0000  15.4948000   436
CYGNUS NG-20
1 12043U 20044A   26242.30000000  .00000000  00000-0 -11606-4 0 9998
2 12043  51.6400 215.0000 0004000 130.0000 350.0000  15.5000000   441
PROGRESS MS-27
1 12044U 20045A   26242.30000000  .00000000  00000-0 -11606-4 0 9990
2 12044  51.6600 220.0000 0004000 130.0000 300.0000  15.5000000   456
SOYUZ MS-25
1 12045U 20046A   26242.30000000  .00000000  00000-0 -11606-4 0 9992
2 12045  51.6400 205.0000 0005000 130.0000 200.0000  15.4950000   462
SMAP
1 12046U 20047A   26242.30000000  .00000000  00000-0 -11606-4 0 9994
2 12046  98.0000 120.0000 0001000  90.0000  70.0000  14.4999000   479
SWOT
1 12047U 20048A   26242.30000000  .00000000  00000-0 -11606-4 0 9996
2 12047  77.6000 100.0000 0001000  90.0000  80.0000  14.4180000   485
ICESAT-2
1 12048U 20049A   26242.30000000  .00000000  00000-0 -11606-4 0 9998
2 12048  92.0000 110.0000 0001000  90.0000  90.0000  14.7500000   499
GRACE-FO 1
1 12049U 20050A   26242.30000000  .00000000  00000-0 -11606-4 0 9991
2 12049  89.0000 115.0000 0010000  90.0000 100.0000  15.4000000   508
GRACE-FO 2
1 12050U 20051A   26242.30000000  .00000000  00000-0 -11606-4 0 9994
2 12050  89.0000 115.1000 0010000  90.0000 200.0000  15.4000000   513
STARLINK-3013
1 12051U 20052A   26242.30000000  .00000000  00000-0 -11606-4 0 9996
2 12051  43.0000 260.0000 0001000  90.0000  15.0000  15.6000000   521
STARLINK-3014
1 12052U 20053A   26242.30000000  .00000000  00000-0 -11606-4 0 9998
2 12052  43.0000 260.2000 0001000  90.0000 105.0000  15.6000000   535
STARLINK-3015
1 12053U 20054A   26242.30000000  .00000000  00000-0 -11606-4 0 9990
2 12053  43.0000 260.4000 0001000  90.0000 195.0000  15.6001000   549
STARLINK-3016
1 12054U 20055A   26242.30000000  .00000000  00000-0 -11606-4 0 9992
2 12054  43.0000 260.6000 0001000  90.0000 285.0000  15.6001000   553
ARCTICA-M-1
1 12055U 20056A   26242.30000000  .00000000  00000-0 -11606-4 0 9994
2 12055  63.8000 240.0000 0005000 270.0000  20.0000  14.3400000   567
KAITUO-1B
1 12056U 20057A   26242.30000000  .00000000  00000-0 -11606-4 0 9996
2 12056  50.0000 270.0000 0010000  90.0000  40.0000  15.7000000   579
GLOBALSTAR M118
1 12057U 20058A   26242.30000000  .00000000  00000-0 -11606-4 0 9998
2 12057  52.0000 120.0000 0002000  90.0000  50.0000  14.2150000   589
GLOBALSTAR M119
1 12058U 20059A   26242.30000000  .00000000  00000-0 -11606-4 0 9990
2 12058  52.0000 120.2000 0002000  90.0000 150.0000  14.2150000   594
GLOBALSTAR M120
1 12059U 20060A   26242.30000000  .00000000  00000-0 -11606-4 0 9993
2 12059  52.0000 120.4000 0002000  90.0000 250.0000  14.2151000   601
GPS BIIF-1
1 12060U 20061A   26242.30000000  .00000000  00000-0  00000-0 0 9997
2 12060  55.0000  40.0000 0100000 180.0000  90.0000   2.0057000   615
GPS BIIF-2
1 12061U 20062A   26242.30000000  .00000000  00000-0  00000-0 0 9999
2 12061  55.0000  40.4000 0100000 180.0000 180.0000   2.0057000   621
GPS BIIF-3
1 12062U 20063A   26242.30000000  .00000000  00000-0  00000-0 0 9991
2 12062  55.0000  40.8000 0100000 180.0000 270.0000   2.0057000   637
GPS BIIF-4
1 12063U 20064A   26242.30000000  .00000000  00000-0  00000-0 0 9993
2 12063  55.0000  41.2000 0100000 180.0000   0.0000   2.0058000   646
GPS BIIF-5
1 12064U 20065A   26242.30000000  .00000000  00000-0  00000-0 0 9995
2 12064  55.0000  41.6000 0100000 180.0000  60.0000   2.0058000   658
GALILEO-221
1 12065U 20066A   26242.30000000  .00000000  00000-0  00000-0 0 9997
2 12065  56.0000 100.0000 0002000   0.0000  45.0000   2.0060000   669
GALILEO-222
1 12066U 20067A   26242.30000000  .00000000  00000-0  00000-0 0 9999
2 12066  56.0000 100.4000 0002000   0.0000 135.0000   2.0060000   675
GALILEO-223
1 12067U 20068A   26242.30000000  .00000000  00000-0  00000-0 0 9991
2 12067  56.0000 100.8000 0002000   0.0000 225.0000   2.0061000   682
GALILEO-224
1 12068U 20069A   26242.30000000  .00000000  00000-0  00000-0 0 9993
2 12068  56.0000 101.2000 0002000   0.0000 315.0000   2.0061000   699
GLONASS-M 761
1 12069U 20070A   26242.30000000  .00000000  00000-0  00000-0 0 9996
2 12069  64.8000  20.0000 0003000  90.0000  30.0000   2.1260000   703
GLONASS-M 762
1 12070U 20071A   26242.30000000  .00000000  00000-0  00000-0 0 9999
2 12070  64.8000  20.6000 0003000  90.0000 150.0000   2.1260000   715
GLONASS-M 763
1 12071U 20072A   26242.30000000  .00000000  00000-0  00000-0 0 9991
2 12071  64.8000  21.2000 0003000  90.0000 270.0000   2.1261000   728
QZS-2
1 12072U 20073A   26242.30000000  .00000000  00000-0  00000-0 0 9993
2 12072  41.0000 150.0000 0750000  90.0000  90.0000   1.0025000   733
NAVIC-1G
1 12073U 20074A   26242.30000000  .00000000  00000-0  00000-0 0 9995
2 12073  29.0000 200.0000 0010000  90.0000 100.0000   1.0027000   740
GOES-16
1 12074U 20075A   26242.30000000  .00000000  00000-0  00000-0 0 9997
2 12074   0.0200  10.0000 0001000  90.0000 100.0000   1.0027000   752
GOES-17
1 12075U 20076A   26242.30000000  .00000000  00000-0  00000-0 0 9999
2 12075   0.0300  20.0000 0001000  90.0000 110.0000   1.0027000   767
GOES-18
1 12076U 20077A   26242.30000000  .00000000  00000-0  00000-0 0 9991
2 12076   0.0200  30.0000 0001000  90.0000 120.0000   1.0027000   770
METEOSAT-11
1 12077U 20078A   26242.30000000  .00000000  00000-0  00000-0 0 9993
2 12077   0.0500  40.0000 0001000  90.0000 130.0000   1.0027000   787
METEOSAT-12
1 12078U 20079A   26242.30000000  .00000000  00000-0  00000-0 0 9995
2 12078   0.0400  50.0000 0001000  90.0000 140.0000   1.0027000   790
HIMAWARI-9
1 12079U 20080A   26242.30000000  .00000000  00000-0  00000-0 0 9998
2 12079   0.0300  60.0000 0001000  90.0000 150.0000   1.0027000   804
INMARSAT 6-F1
1 12080U 20081A   26242.30000000  .00000000  00000-0  00000-0 0 9991
2 12080   0.0600  70.0000 0001000  90.0000 160.0000   1.0027000   812
INTELSAT 40E
1 12081U 20082A   26242.30000000  .00000000  00000-0  00000-0 0 9993
2 12081   0.0500  80.0000 0001000  90.0000 170.0000   1.0027000   825
EUTELSAT 10B
1 12082U 20083A   26242.30000000  .00000000  00000-0  00000-0 0 9995
2 12082   0.0400  90.0000 0001000  90.0000 180.0000   1.0027000   838
SES-22
1 12083U 20084A   26242.30000000  .00000000  00000-0  00000-0 0 9997
2 12083   0.0500 100.0000 0001000  90.0000 190.0000   1.0027000   844
TDRS-13
1 12084U 20085A   26242.30000000  .00000000  00000-0  00000-0 0 9999
2 12084   4.5000 110.0000 0002000  90.0000 200.0000   1.0027000   854
SES-24
1 12085U 20086A   26242.30000000  .00000000  00000-0  00000-0 0 9991
2 12085   0.0500 120.0000 0001000  90.0000 210.0000   1.0027000   863
MOLNIYA-3-60
1 12086U 20087A   26242.30000000  .00000000  00000-0  00000-0 0 9993
2 12086  63.4000 300.0000 7000000 270.0000  10.0000   2.0059000   873
MOLNIYA-3-61
1 12087U 20088A   26242.30000000  .00000000  00000-0  00000-0 0 9995
2 12087  63.4000 300.6000 7000000 270.0000 120.0000   2.0059000   883
MOLNIYA-3-62
1 12088U 20089A   26242.30000000  .00000000  00000-0  00000-0 0 9997
2 12088  63.4000 301.2000 7000000 270.0000 230.0000   2.0060000   896
MOLNIYA-3-63
1 12089U 20090A   26242.30000000  .00000000  00000-0  00000-0 0 9990
2 12089  63.4000 301.8000 7000000 270.0000 340.0000   2.0060000   907
